2923
8824
11734
12906
13625
15150
17600
18292
19056
26406
28166
30356
30653
30817
30926
31344
31470
31535
31751
31767
32260
37067
37489
38705
39539
39639
39937
41211
42405
42476
43683
46041
46508
47227
47389
47908
50183
51298
53082
53454
54442
58195
60127
60308
66712
70084
71026
71121
71923
73766
73808
73815
73827
74188
74316
74389
74465
74516
74528
74576
74659
75248
14828
61873
71994
72072
74139
71464
71880
74511
74353
42602
45334
39299
71368
46829
46843
51201
41152
44696
45511
27620
37974
40150
45301
69798
69616
70000
74538
13334
52014
46305
74155
50164
33930
44691
46225
38754
50542
39645
