13625
32260
50908
49357
49945
50807
31737
44266
47807
15571
27608
27620
33239
33637
33780
33851
33930
35336
35585
37842
37850
37946
37974
38179
38203
38754
39245
39367
39657
39754
40150
40301
40821
41136
41245
41312
41366
41740
42830
43478
43736
43850
44691
44847
44861
44870
45301
45392
45430
45511
46222
46305
46751
46900
48455
48581
49251
50164
50542
51104
51114
51201
58767
50183
51298
35156
27624
33640
33667
35331
35377
35417
37871
39645
40190
40289
40399
40909
41152
41363
43700
44610
44696
45055
45520
46225
46306
46405
46545
46636
46829
46843
48642
52063
60127
74079
60308
13985
9553
15887
