22587
41871
44157
43958
36063
50183
51298
19893
21882
22748
45741
45823
45979
46062
47362
48928
49605
51902
52565
52931
59056
63393
64589
65580
73931
70274
73766
71464
21259
264
72210
73827
72304
73815
74255
55302
38705
60127
1080
1815
2017
2230
4650
68664
71880
75248
4915
8233
8415
19183
22583
27039
29398
29502
38918
39390
40448
44080
47056
62813
64402
68315
70223
71488
71497
73418
74034
61713
61879
61895
62014
62321
67166
493
20817
48009
48990
54301
58557
59915
70180
74866
74867
56090
56319
42072
74079
44142
48180
47255
42191
68665
72142
71934
37406
72135
71479
52995
71893
71978
